06-MAY-2018     0    0   0   0   0   0   0   0   0   0   0   0   0   0   0   0   0   0   0   0   0   0   0   0   0
05-MAY-2018     0    0   0   0   0   0   0   0   0   0   0   0   0   0   0   0   0   0   0   0   0   0   0   0   0
04-MAY-2018     0    0   0   0   0   0   0   0   0   0   0   0   0   0   0   0   0   0   0   0   0   0   0   0   0
03-MAY-2018     0    0   0   0   0   0   0   0   0   0   0   0   0   0   0   0   0   0   0   0   0   0   0   0   0
02-MAY-2018     0    0   0   0   0   0   0   0   0   0   0   0   0   0   0   0   0   0   0   0   0   0   0   0   0
01-MAY-2018     0    0   0   0   0   0   0   0   0   0   0   0   0   0   0   0   0   0   0   0   0   0   0   0   0
30-APR-2018     7    1   0   0   0   0   0   1   0   0   0   0   4   0   0   0   0   1   0   0   0   0   0   0   0
29-APR-2018     7    0   0   0   0   0   0   0   0   0   0   0   3   2   0   1   1   0   0   0   0   0   0   0   0
28-APR-2018    35    0   0   0   0   0   0   0   0   0   0   0   1   0   0   0   0   2  21   0  10   0   0   1   0
27-APR-2018     6    0   0   0   0   0   0   0   0   0   0   0   0   0   0   3   3   0   0   0   0   0   0   0   0
26-APR-2018     0    0   0   0   0   0   0   0   0   0   0   0   0   0   0   0   0   0   0   0   0   0   0   0   0
25-APR-2018     0    0   0   0   0   0   0   0   0   0   0   0   0   0   0   0   0   0   0   0   0   0   0   0   0
24-APR-2018     0    0   0   0   0   0   0   0   0   0   0   0   0   0   0   0   0   0   0   0   0   0   0   0   0
23-APR-2018     0    0   0   0   0   0   0   0   0   0   0   0   0   0   0   0   0   0   0   0   0   0   0   0   0
22-APR-2018     0    0   0   0   0   0   0   0   0   0   0   0   0   0   0   0   0   0   0   0   0   0   0   0   0
21-APR-2018     1    0   0   0   0   0   0   0   0   0   0   1   0   0   0   0   0   0   0   0   0   0   0   0   0
20-APR-2018     0    0   0   0   0   0   0   0   0   0   0   0   0   0   0   0   0   0   0   0   0   0   0   0   0
19-APR-2018     0    0   0   0   0   0   0   0   0   0   0   0   0   0   0   0   0   0   0   0   0   0   0   0   0
18-APR-2018     0    0   0   0   0   0   0   0   0   0   0   0   0   0   0   0   0   0   0   0   0   0   0   0   0
17-APR-2018     2    1   0   0   0   0   0   0   0   0   0   0   0   0   1   0   0   0   0   0   0   0   0   0   0
16-APR-2018    59    6  14  14  12   4   1   1   2   1   0   0   1   0   0   0   2   1   0   0   0   0   0   0   0
15-APR-2018    46    6   2   1   0   0   0   0   0   0   3   5   4   4   4   4   2   1   0   3   7   0   0   0   0
14-APR-2018    11    0   0   0   0   0   0   0   0   0   0   0   0   1   0   0   0   0   1   1   0   1   3   3   1
13-APR-2018     4    0   0   0   0   0   1   2   1   0   0   0   0   0   0   0   0   0   0   0   0   0   0   0   0
12-APR-2018    24    4   5   1   2   0   0   1   2   0   0   0   0   2   5   0   2   0   0   0   0   0   0   0   0
11-APR-2018    23    0   0   0   0   0   0   0   0   0   0   0   0   0   0   0   1   6   3   8   5   0   0   0   0
10-APR-2018    18    0   0   0   0   0   1   4   4   2   0   0   7   0   0   0   0   0   0   0   0   0   0   0   0
09-APR-2018     0    0   0   0   0   0   0   0   0   0   0   0   0   0   0   0   0   0   0   0   0   0   0   0   0
08-APR-2018    70   12   5   4   5   2   3  16  14   7   2   0   0   0   0   0   0   0   0   0   0   0   0   0   0
07-APR-2018   155   16  11   3  12   7   0   1   0   0   0   8   3   2   0   1  10  12   9  10  11   7  11   8  13
06-APR-2018     7    0   0   0   1   2   1   1   1   1   0   0   0   0   0   0   0   0   0   0   0   0   0   0   0
05-APR-2018    37    0   0   0   0   0   0   2   0   1   4   2   3   3   4   6   5   6   0   0   1   0   0   0   0
04-APR-2018     2    0   0   0   0   0   2   0   0   0   0   0   0   0   0   0   0   0   0   0   0   0   0   0   0
03-APR-2018     0    0   0   0   0   0   0   0   0   0   0   0   0   0   0   0   0   0   0   0   0   0   0   0   0
02-APR-2018     0    0   0   0   0   0   0   0   0   0   0   0   0   0   0   0   0   0   0   0   0   0   0   0   0
01-APR-2018    19    0   0   0   0   0   0   0   0   0   0   0   0   0   0   0   2  14   2   1   0   0   0   0   0
31-MAR-2018     0    0   0   0   0   0   0   0   0   0   0   0   0   0   0   0   0   0   0   0   0   0   0   0   0
30-MAR-2018     0    0   0   0   0   0   0   0   0   0   0   0   0   0   0   0   0   0   0   0   0   0   0   0   0
29-MAR-2018     0    0   0   0   0   0   0   0   0   0   0   0   0   0   0   0   0   0   0   0   0   0   0   0   0
28-MAR-2018     0    0   0   0   0   0   0   0   0   0   0   0   0   0   0   0   0   0   0   0   0   0   0   0   0
27-MAR-2018     2    0   0   0   0   0   0   0   0   1   1   0   0   0   0   0   0   0   0   0   0   0   0   0   0
26-MAR-2018     6    0   0   0   0   1   1   0   0   0   1   3   0   0   0   0   0   0   0   0   0   0   0   0   0
25-MAR-2018     3    0   0   0   0   0   1   1   0   0   0   0   0   0   1   0   0   0   0   0   0   0   0   0   0
24-MAR-2018    19    4   3   2   0   0   0   0   0   0   0   0   1   1   1   0   0   0   0   2   2   2   1   0   0
23-MAR-2018    59    5   8   7   2   1  11   1   1   0   0   0   0   0   0   0   1   1   1   4   5   4   5   2   0
22-MAR-2018    55    0   1   4   5  10   1   5   6   5   4   2   0   2   2   0   0   0   0   5   0   0   2   1   0
21-MAR-2018    25    0   0   0   0   0   0   0   0   0   0   0   1   3   2   1   0   1   0   1   4   3   7   2   0
20-MAR-2018     0    0   0   0   0   0   0   0   0   0   0   0   0   0   0   0   0   0   0   0   0   0   0   0   0
19-MAR-2018     0    0   0   0   0   0   0   0   0   0   0   0   0   0   0   0   0   0   0   0   0   0   0   0   0
18-MAR-2018     0    0   0   0   0   0   0   0   0   0   0   0   0   0   0   0   0   0   0   0   0   0   0   0   0
17-MAR-2018    22    0   0   0   0   0   0   1   0   0   0   0   0   0   1  18   2   0   0   0   0   0   0   0   0
16-MAR-2018     2    0   0   0   1   0   0   0   0   0   0   0   0   0   0   0   0   1   0   0   0   0   0   0   0
15-MAR-2018    20    0   0   0   0   0   0   0   0   0   0   0   0   0   0   0   0   0   0   0   0   7  11   2   0
14-MAR-2018     1    0   0   1   0   0   0   0   0   0   0   0   0   0   0   0   0   0   0   0   0   0   0   0   0
13-MAR-2018    34    0   0   0   0   0   0   0   3   8   7   2   4   2   2   0   0   0   0   0   0   0   0   6   0
12-MAR-2018     0    0   0   0   0   0   0   0   0   0   0   0   0   0   0   0   0   0   0   0   0   0   0   0   0
11-MAR-2018     0    0   0   0   0   0   0   0   0   0   0   0   0   0   0   0   0   0   0   0   0   0   0   0   0
10-MAR-2018     0    0   0   0   0   0   0   0   0   0   0   0   0   0   0   0   0   0   0   0   0   0   0   0   0
09-MAR-2018     1    0   0   0   0   0   0   0   1   0   0   0   0   0   0   0   0   0   0   0   0   0   0   0   0
08-MAR-2018    33    0   0   0   0   0   0   0   1   3   3   4   3   1  12   1   0   0   1   2   0   0   1   1   0
07-MAR-2018     0    0   0   0   0   0   0   0   0   0   0   0   0   0   0   0   0   0   0   0   0   0   0   0   0
06-MAR-2018     0    0   0   0   0   0   0   0   0   0   0   0   0   0   0   0   0   0   0   0   0   0   0   0   0
05-MAR-2018     2    1   0   0   0   0   0   0   0   1   0   0   0   0   0   0   0   0   0   0   0   0   0   0   0
04-MAR-2018     1    0   0   0   0   0   0   0   0   0   0   0   0   0   0   0   0   0   0   0   0   0   0   0   1
03-MAR-2018     1    0   0   0   0   0   0   0   0   0   0   0   0   1   0   0   0   0   0   0   0   0   0   0   0
02-MAR-2018     0    0   0   0   0   0   0   0   0   0   0   0   0   0   0   0   0   0   0   0   0   0   0   0   0
01-MAR-2018     4    1   0   0   0   0   0   0   0   0   0   0   0   0   0   0   0   0   1   0   2   0   0   0   0
28-FEB-2018    39    0   0   0   0   0   0   0   0   3   1   1   2   1   4   4   0   0   1   1   1   8   1   3   8
27-FEB-2018     2    0   0   0   0   0   0   0   0   0   0   0   0   0   0   0   0   0   0   1   1   0   0   0   0
26-FEB-2018     0    0   0   0   0   0   0   0   0   0   0   0   0   0   0   0   0   0   0   0   0   0   0   0   0
25-FEB-2018    23    0   0   0   0   0   1   0   1   2   2   4   1   3   3   0   3   0   0   1   1   1   0   0   0
24-FEB-2018    26    0   1   6   0   2  10   5   1   0   0   0   0   0   0   1   0   0   0   0   0   0   0   0   0
23-FEB-2018     0    0   0   0   0   0   0   0   0   0   0   0   0   0   0   0   0   0   0   0   0   0   0   0   0
22-FEB-2018    14    0   1   2   1   1   0   0   0   3   6   0   0   0   0   0   0   0   0   0   0   0   0   0   0
21-FEB-2018    36    0   0   0   0   0   0   0   0   1   5  15  10   0   0   0   0   0   0   0   0   0   1   2   2
20-FEB-2018    19    0   0   0   0   0   0   0   0   2   1   2   2   1   2   1   2   2   1   1   0   1   0   0   1
19-FEB-2018    10    0   0   0   0   0   0   0   0   0   0  10   0   0   0   0   0   0   0   0   0   0   0   0   0
18-FEB-2018    51    0   0   0   0   7   1   4   3   0   1   0   0   5  24   3   0   0   2   1   0   0   0   0   0
17-FEB-2018     9    0   0   0   0   1   2   1   2   1   1   0   1   0   0   0   0   0   0   0   0   0   0   0   0
16-FEB-2018     9    0   0   1   0   2   1   2   1   0   0   0   1   0   0   0   0   0   0   0   0   0   0   1   0
15-FEB-2018     1    0   0   0   1   0   0   0   0   0   0   0   0   0   0   0   0   0   0   0   0   0   0   0   0
14-FEB-2018    28    0   3   7   5   1   1   1   5   0   0   0   0   0   0   4   0   0   0   0   0   0   0   0   1
13-FEB-2018     0    0   0   0   0   0   0   0   0   0   0   0   0   0   0   0   0   0   0   0   0   0   0   0   0
12-FEB-2018     0    0   0   0   0   0   0   0   0   0   0   0   0   0   0   0   0   0   0   0   0   0   0   0   0
11-FEB-2018     0    0   0   0   0   0   0   0   0   0   0   0   0   0   0   0   0   0   0   0   0   0   0   0   0
10-FEB-2018     0    0   0   0   0   0   0   0   0   0   0   0   0   0   0   0   0   0   0   0   0   0   0   0   0
09-FEB-2018     0    0   0   0   0   0   0   0   0   0   0   0   0   0   0   0   0   0   0   0   0   0   0   0   0
08-FEB-2018     0    0   0   0   0   0   0   0   0   0   0   0   0   0   0   0   0   0   0   0   0   0   0   0   0
07-FEB-2018     0    0   0   0   0   0   0   0   0   0   0   0   0   0   0   0   0   0   0   0   0   0   0   0   0
06-FEB-2018     0    0   0   0   0   0   0   0   0   0   0   0   0   0   0   0   0   0   0   0   0   0   0   0   0
05-FEB-2018     0    0   0   0   0   0   0   0   0   0   0   0   0   0   0   0   0   0   0   0   0   0   0   0   0
04-FEB-2018     0    0   0   0   0   0   0   0   0   0   0   0   0   0   0   0   0   0   0   0   0   0   0   0   0
03-FEB-2018     2    0   0   1   0   0   0   0   0   0   0   0   0   0   0   0   0   0   1   0   0   0   0   0   0
02-FEB-2018     1    0   0   0   1   0   0   0   0   0   0   0   0   0   0   0   0   0   0   0   0   0   0   0   0
01-FEB-2018    10    0   0   0   0   0   0   0   0   0   0   0   0   0   0   2   0   2   4   1   0   1   0   0   0
31-JAN-2018     0    0   0   0   0   0   0   0   0   0   0   0   0   0   0   0   0   0   0   0   0   0   0   0   0
30-JAN-2018     3    0   2   0   1   0   0   0   0   0   0   0   0   0   0   0   0   0   0   0   0   0   0   0   0
29-JAN-2018    45    0   0   0   0   0   0   0   0   0   0   0   0   0   2   0   2  14  10  14   0   0   0   0   3
28-JAN-2018     0    0   0   0   0   0   0   0   0   0   0   0   0   0   0   0   0   0   0   0   0   0   0   0   0
27-JAN-2018    32    5   3   1   1   1   1   1   0   0   0   0   0   0   0   0   0   0   1   4   3   4   3   2   2
26-JAN-2018    25    0   0   0   0   1   1   0   0   0   0   0   0   0   0   0   0   2   2   1   0   0   2   9   7
25-JAN-2018    34    0   0   0   0   0   0   6  10   2   1   0   0   0   0   1   3   2   1   3   1   1   0   0   3
24-JAN-2018    70    2   9   5   4   9   5   4   8   7   3   1   2   0   0   2   3   2   0   0   4   0   0   0   0
23-JAN-2018    58    0   0   0   0   0   2   2   2   5   4   9   3   1   6   2   2   0   2   3   6   2   0   4   3
22-JAN-2018    10    0   0   0   0   0   6   3   0   0   0   0   1   0   0   0   0   0   0   0   0   0   0   0   0
21-JAN-2018    21    0   0   0   0   1   0   4   2   3   1   1   3   4   0   0   0   0   1   1   0   0   0   0   0
20-JAN-2018     2    2   0   0   0   0   0   0   0   0   0   0   0   0   0   0   0   0   0   0   0   0   0   0   0
19-JAN-2018     8    0   0   0   0   0   0   1   0   0   1   0   0   0   0   0   0   0   0   0   0   0   5   1   0
18-JAN-2018    28    0   0   3   3   1   0   0   0   0   0   0   0   3   1   8   1   0   0   0   0   0   4   3   1
17-JAN-2018    51    0   0   0   0   2   0   0   0   0   0   0   0   0   0   0   0   8  10  15  10   6   0   0   0
16-JAN-2018     7    1   1   0   0   5   0   0   0   0   0   0   0   0   0   0   0   0   0   0   0   0   0   0   0
15-JAN-2018     8    0   0   0   0   0   0   0   0   0   0   0   0   0   0   0   0   0   1   1   0   4   1   0   1
14-JAN-2018     0    0   0   0   0   0   0   0   0   0   0   0   0   0   0   0   0   0   0   0   0   0   0   0   0
13-JAN-2018     0    0   0   0   0   0   0   0   0   0   0   0   0   0   0   0   0   0   0   0   0   0   0   0   0
12-JAN-2018    14    3   0   2   0   0   6   2   0   1   0   0   0   0   0   0   0   0   0   0   0   0   0   0   0
11-JAN-2018    71    0   0   0   8   7   3   4   3   6   1   2   8   5   0   1  13   2   0   0   0   1   7   0   0
10-JAN-2018     7    0   0   0   1   1   1   1   0   1   0   0   0   0   0   0   0   0   1   1   0   0   0   0   0
09-JAN-2018    57    8   8  10   7   4   7   4   1   2   3   0   1   0   0   0   0   2   0   0   0   0   0   0   0
08-JAN-2018     6    0   0   0   0   0   0   0   0   0   0   0   0   0   0   0   0   0   1   1   0   0   0   0   4
07-JAN-2018    10    0   0   0   0   0   0   0   0   0   0   1   3   0   0   0   1   1   1   2   0   0   1   0   0
06-JAN-2018     4    1   0   0   0   0   0   0   0   0   0   0   3   0   0   0   0   0   0   0   0   0   0   0   0
05-JAN-2018    36    0   2   3   2   0   4   0   0   7   3   1   2   0   0   0   0   0   0   1   0   0   0   3   8
04-JAN-2018     7    0   0   0   0   0   0   0   0   0   0   0   0   0   0   0   0   0   7   0   0   0   0   0   0
03-JAN-2018     0    0   0   0   0   0   0   0   0   0   0   0   0   0   0   0   0   0   0   0   0   0   0   0   0
02-JAN-2018     0    0   0   0   0   0   0   0   0   0   0   0   0   0   0   0   0   0   0   0   0   0   0   0   0
01-JAN-2018     0    0   0   0   0   0   0   0   0   0   0   0   0   0   0   0   0   0   0   0   0   0   0   0   0
31-DEC-2017     1    0   0   0   0   0   0   0   0   0   0   0   0   1   0   0   0   0   0   0   0   0   0   0   0
30-DEC-2017     0    0   0   0   0   0   0   0   0   0   0   0   0   0   0   0   0   0   0   0   0   0   0   0   0
29-DEC-2017    54    0   1   0   0   0   0   0   0   0   0   0   1   9  15  13   6   3   4   2   0   0   0   0   0
28-DEC-2017    65    0   0   0   0   0   0   0   0   0   0   0   0   0   0   5   9  12  13  11   5   4   4   1   1
27-DEC-2017    22    0   1   1   0   0   0   1   0   1   2   1   2   4   6   2   1   0   0   0   0   0   0   0   0
26-DEC-2017     9    0   0   0   0   0   0   0   0   0   1   1   1   4   1   0   0   0   0   0   0   0   1   0   0
25-DEC-2017    28    0   0   0   0   0   0   0   0   0   0   0   0   2  12   6   5   2   1   0   0   0   0   0   0
24-DEC-2017     1    0   0   0   0   0   0   1   0   0   0   0   0   0   0   0   0   0   0   0   0   0   0   0   0
23-DEC-2017    18    4   6   2   3   2   1   0   0   0   0   0   0   0   0   0   0   0   0   0   0   0   0   0   0
22-DEC-2017    41    0   0   0   0   0   0   0   0   0   0   0   0   0   0   0   4   5   4   5   6   5   5   3   4
21-DEC-2017     0    0   0   0   0   0   0   0   0   0   0   0   0   0   0   0   0   0   0   0   0   0   0   0   0
20-DEC-2017     5    3   0   0   0   0   0   0   0   0   1   1   0   0   0   0   0   0   0   0   0   0   0   0   0
19-DEC-2017    85    0   0   0   2   1   5   2   4   2   6   8  15  17  10   1   0   5   1   2   0   0   3   0   1
18-DEC-2017     2    0   0   1   0   0   0   0   0   0   0   0   0   0   0   0   1   0   0   0   0   0   0   0   0
17-DEC-2017     0    0   0   0   0   0   0   0   0   0   0   0   0   0   0   0   0   0   0   0   0   0   0   0   0
16-DEC-2017     1    0   0   0   0   0   0   0   0   0   0   0   0   0   0   0   0   0   0   0   0   0   0   0   1
15-DEC-2017     0    0   0   0   0   0   0   0   0   0   0   0   0   0   0   0   0   0   0   0   0   0   0   0   0
14-DEC-2017     0    0   0   0   0   0   0   0   0   0   0   0   0   0   0   0   0   0   0   0   0   0   0   0   0
13-DEC-2017     0    0   0   0   0   0   0   0   0   0   0   0   0   0   0   0   0   0   0   0   0   0   0   0   0
12-DEC-2017     0    0   0   0   0   0   0   0   0   0   0   0   0   0   0   0   0   0   0   0   0   0   0   0   0
11-DEC-2017     0    0   0   0   0   0   0   0   0   0   0   0   0   0   0   0   0   0   0   0   0   0   0   0   0
10-DEC-2017     0    0   0   0   0   0   0   0   0   0   0   0   0   0   0   0   0   0   0   0   0   0   0   0   0
09-DEC-2017     0    0   0   0   0   0   0   0   0   0   0   0   0   0   0   0   0   0   0   0   0   0   0   0   0
08-DEC-2017     0    0   0   0   0   0   0   0   0   0   0   0   0   0   0   0   0   0   0   0   0   0   0   0   0
07-DEC-2017     0    0   0   0   0   0   0   0   0   0   0   0   0   0   0   0   0   0   0   0   0   0   0   0   0
06-DEC-2017     0    0   0   0   0   0   0   0   0   0   0   0   0   0   0   0   0   0   0   0   0   0   0   0   0
05-DEC-2017     0    0   0   0   0   0   0   0   0   0   0   0   0   0   0   0   0   0   0   0   0   0   0   0   0
04-DEC-2017     1    1   0   0   0   0   0   0   0   0   0   0   0   0   0   0   0   0   0   0   0   0   0   0   0
03-DEC-2017     0    0   0   0   0   0   0   0   0   0   0   0   0   0   0   0   0   0   0   0   0   0   0   0   0
02-DEC-2017    43    0   4   3   0   0   0   2   1   1   0   3   6   7   3   5   3   2   0   2   0   1   0   0   0
01-DEC-2017    10    0   0   0   0   0   0   0   0   0   0   0   0   0   0   0   0   0   0   0   0   6   4   0   0
30-NOV-2017    11    0   0   0   0   0   0   0   0   0   0   3   4   1   0   0   1   1   1   0   0   0   0   0   0
29-NOV-2017     0    0   0   0   0   0   0   0   0   0   0   0   0   0   0   0   0   0   0   0   0   0   0   0   0
28-NOV-2017    43    0   0   0   0   0   0   1   0   1   4   8   9   9   8   3   0   0   0   0   0   0   0   0   0
27-NOV-2017     0    0   0   0   0   0   0   0   0   0   0   0   0   0   0   0   0   0   0   0   0   0   0   0   0
26-NOV-2017    73    0   0   0   0   0   3   5   7   0   0   0  10   4   8   6  27   0   0   1   1   1   0   0   0
25-NOV-2017    11    0   0   0   0   0   0   0   0   0   0   0   0   0   0   1   3   6   0   0   0   0   0   1   0
24-NOV-2017     0    0   0   0   0   0   0   0   0   0   0   0   0   0   0   0   0   0   0   0   0   0   0   0   0
23-NOV-2017    26   13   2   2   0   0   0   0   0   3   0   6   0   0   0   0   0   0   0   0   0   0   0   0   0
22-NOV-2017    25    0   0   0   6   8   1   0   1   5   0   0   0   0   0   0   0   0   0   0   1   3   0   0   0
21-NOV-2017    57    1   2   4   3   2   1   0   5   5   6   2   2   0   0   0   0   2   1   2   8   5   0   2   4
20-NOV-2017    92    0  21   8  18   0  17   7  10   4   0   7   0   0   0   0   0   0   0   0   0   0   0   0   0
19-NOV-2017    15    0   0   0   0   0   0   0   0   0   0   0   0   0   0   0   0   0   0   0   2   8   4   1   0
18-NOV-2017     0    0   0   0   0   0   0   0   0   0   0   0   0   0   0   0   0   0   0   0   0   0   0   0   0
17-NOV-2017    12    1   0   8   1   1   0   0   0   0   0   1   0   0   0   0   0   0   0   0   0   0   0   0   0
16-NOV-2017    33    3   0   0   0   0   0   0   0   0   0   1   1   0   0   0   2   2   2  11   0   3   1   5   2
15-NOV-2017   114    0   0   0   0   3  10  11  11  10   8   5  10  13  11   7   4   1   1   2   3   1   0   2   1
14-NOV-2017     0    0   0   0   0   0   0   0   0   0   0   0   0   0   0   0   0   0   0   0   0   0   0   0   0
13-NOV-2017    46    2  13   4   3   3   1   1   0   3   0   0   1   0   0   0   0   0   1   1   0   4   2   6   1
12-NOV-2017    16    1   0   0   0   0   2   1   0   0   0   0   0   0   0   0   0   0   0   1   5   3   2   1   0
11-NOV-2017    11    0   3   3   0   0   1   2   0   0   0   0   1   0   0   0   0   0   0   0   0   0   0   1   0
10-NOV-2017    48    2   9  14   7   8   4   2   0   0   0   0   0   0   0   0   0   1   1   0   0   0   0   0   0
09-NOV-2017    26    5   3   0   1   0   0   0   3   2   0   0   0   5   4   0   2   0   0   0   0   0   1   0   0
08-NOV-2017    39    0   0   0   0   0   0   0   0   0   0   1   2   1   3   5   0   0   0   0   4  10  11   1   1
07-NOV-2017     0    0   0   0   0   0   0   0   0   0   0   0   0   0   0   0   0   0   0   0   0   0   0   0   0
06-NOV-2017     0    0   0   0   0   0   0   0   0   0   0   0   0   0   0   0   0   0   0   0   0   0   0   0   0
05-NOV-2017    36    8  10   7   7   1   1   0   2   0   0   0   0   0   0   0   0   0   0   0   0   0   0   0   0
04-NOV-2017    15    0   0   0   0   0   0   0   0   0   0   0   0   0   0   0   0   0   0   1   1   2   7   3   1
03-NOV-2017     1    0   0   0   0   0   0   0   0   0   0   0   0   0   1   0   0   0   0   0   0   0   0   0   0
02-NOV-2017    17    0   0   0   0   0   0   0   1   1   1   0   7   0   6   1   0   0   0   0   0   0   0   0   0
01-NOV-2017     0    0   0   0   0   0   0   0   0   0   0   0   0   0   0   0   0   0   0   0   0   0   0   0   0
31-OCT-2017     0    0   0   0   0   0   0   0   0   0   0   0   0   0   0   0   0   0   0   0   0   0   0   0   0
30-OCT-2017     0    0   0   0   0   0   0   0   0   0   0   0   0   0   0   0   0   0   0   0   0   0   0   0   0
29-OCT-2017     1    0   0   0   0   0   0   0   0   0   0   0   1   0   0   0   0   0   0   0   0   0   0   0   0
28-OCT-2017     0    0   0   0   0   0   0   0   0   0   0   0   0   0   0   0   0   0   0   0   0   0   0   0   0
27-OCT-2017     0    0   0   0   0   0   0   0   0   0   0   0   0   0   0   0   0   0   0   0   0   0   0   0   0
26-OCT-2017     0    0   0   0   0   0   0   0   0   0   0   0   0   0   0   0   0   0   0   0   0   0   0   0   0
25-OCT-2017     0    0   0   0   0   0   0   0   0   0   0   0   0   0   0   0   0   0   0   0   0   0   0   0   0
24-OCT-2017     0    0   0   0   0   0   0   0   0   0   0   0   0   0   0   0   0   0   0   0   0   0   0   0   0
23-OCT-2017     0    0   0   0   0   0   0   0   0   0   0   0   0   0   0   0   0   0   0   0   0   0   0   0   0
22-OCT-2017    56   34   8   5   8   0   0   0   0   0   0   0   0   0   0   0   1   0   0   0   0   0   0   0   0
21-OCT-2017   193    2   2   9   5   2   3   1   1   4   3   6   9  10  11  13  12  10  11  11   8   7   9  15  29
20-OCT-2017    12    0   0   0   0   0   1   0   3   0   4   0   0   0   1   2   0   0   0   1   0   0   0   0   0
19-OCT-2017   119    0   4   4   3   2   7   3   4   7   5   1   2   5  17   7   6   6  16  17   0   2   1   0   0
18-OCT-2017     5    0   0   0   0   0   0   0   2   1   1   0   0   0   0   0   0   0   0   0   1   0   0   0   0
17-OCT-2017     2    0   0   0   0   0   0   0   0   0   0   0   0   0   0   1   1   0   0   0   0   0   0   0   0
16-OCT-2017     0    0   0   0   0   0   0   0   0   0   0   0   0   0   0   0   0   0   0   0   0   0   0   0   0
15-OCT-2017     0    0   0   0   0   0   0   0   0   0   0   0   0   0   0   0   0   0   0   0   0   0   0   0   0
14-OCT-2017     0    0   0   0   0   0   0   0   0   0   0   0   0   0   0   0   0   0   0   0   0   0   0   0   0
13-OCT-2017    15    0   0   0   0   0   0   0   0   0   0   0  11   0   4   0   0   0   0   0   0   0   0   0   0
12-OCT-2017    55    0   4   2   1   4  11   5   0   1   1   0   0   0   0   1   0  12  11   2   0   0   0   0   0
11-OCT-2017    21    0   0   0   0   0   3   1   0   2   0   0   1   0   0   0   0  13   0   0   0   0   1   0   0
10-OCT-2017     4    0   0   0   0   0   0   0   0   0   0   0   0   0   2   1   0   0   0   1   0   0   0   0   0
09-OCT-2017     0    0   0   0   0   0   0   0   0   0   0   0   0   0   0   0   0   0   0   0   0   0   0   0   0
08-OCT-2017     3    1   0   0   0   0   0   0   0   0   1   0   0   0   0   1   0   0   0   0   0   0   0   0   0
07-OCT-2017     0    0   0   0   0   0   0   0   0   0   0   0   0   0   0   0   0   0   0   0   0   0   0   0   0
06-OCT-2017     0    0   0   0   0   0   0   0   0   0   0   0   0   0   0   0   0   0   0   0   0   0   0   0   0
05-OCT-2017     0    0   0   0   0   0   0   0   0   0   0   0   0   0   0   0   0   0   0   0   0   0   0   0   0
04-OCT-2017     0    0   0   0   0   0   0   0   0   0   0   0   0   0   0   0   0   0   0   0   0   0   0   0   0
03-OCT-2017     0    0   0   0   0   0   0   0   0   0   0   0   0   0   0   0   0   0   0   0   0   0   0   0   0
02-OCT-2017    17    0   0   0   0   1   0   1   0   0   0   0   0   0   0   0  15   0   0   0   0   0   0   0   0
01-OCT-2017     5    0   0   0   0   0   0   0   0   1   0   0   4   0   0   0   0   0   0   0   0   0   0   0   0
30-SEP-2017     1    1   0   0   0   0   0   0   0   0   0   0   0   0   0   0   0   0   0   0   0   0   0   0   0
29-SEP-2017     6    0   0   0   0   0   0   0   1   3   0   0   1   0   0   1   0   0   0   0   0   0   0   0   0
28-SEP-2017     0    0   0   0   0   0   0   0   0   0   0   0   0   0   0   0   0   0   0   0   0   0   0   0   0
27-SEP-2017     0    0   0   0   0   0   0   0   0   0   0   0   0   0   0   0   0   0   0   0   0   0   0   0   0
26-SEP-2017     0    0   0   0   0   0   0   0   0   0   0   0   0   0   0   0   0   0   0   0   0   0   0   0   0
25-SEP-2017     0    0   0   0   0   0   0   0   0   0   0   0   0   0   0   0   0   0   0   0   0   0   0   0   0
24-SEP-2017     0    0   0   0   0   0   0   0   0   0   0   0   0   0   0   0   0   0   0   0   0   0   0   0   0
23-SEP-2017     0    0   0   0   0   0   0   0   0   0   0   0   0   0   0   0   0   0   0   0   0   0   0   0   0
22-SEP-2017     0    0   0   0   0   0   0   0   0   0   0   0   0   0   0   0   0   0   0   0   0   0   0   0   0
21-SEP-2017     1    0   0   0   0   0   0   0   0   0   0   0   0   0   1   0   0   0   0   0   0   0   0   0   0
20-SEP-2017   133    4  13  32   9   0   0   0   0   0   0   0   0   0  73   1   1   0   0   0   0   0   0   0   0
19-SEP-2017    27    0   0   2   3   1   0   1   1   0   0   2   1   0   0   0   0   0   2   0   1   5   2   5   1
18-SEP-2017    38    1   1   0   0   0   0   1  13   0   0   1   1   2   3   0   0   0   5   0   0   5   3   2   0
17-SEP-2017     7    0   0   0   0   0   0   0   0   0   0   0   0   0   0   0   0   0   0   2   1   1   3   0   0
16-SEP-2017     0    0   0   0   0   0   0   0   0   0   0   0   0   0   0   0   0   0   0   0   0   0   0   0   0
15-SEP-2017     0    0   0   0   0   0   0   0   0   0   0   0   0   0   0   0   0   0   0   0   0   0   0   0   0
14-SEP-2017     0    0   0   0   0   0   0   0   0   0   0   0   0   0   0   0   0   0   0   0   0   0   0   0   0
13-SEP-2017     0    0   0   0   0   0   0   0   0   0   0   0   0   0   0   0   0   0   0   0   0   0   0   0   0
12-SEP-2017     0    0   0   0   0   0   0   0   0   0   0   0   0   0   0   0   0   0   0   0   0   0   0   0   0
11-SEP-2017     0    0   0   0   0   0   0   0   0   0   0   0   0   0   0   0   0   0   0   0   0   0   0   0   0
10-SEP-2017     0    0   0   0   0   0   0   0   0   0   0   0   0   0   0   0   0   0   0   0   0   0   0   0   0
09-SEP-2017     3    0   0   0   0   0   0   0   0   0   0   0   0   0   0   0   0   0   0   1   2   0   0   0   0
08-SEP-2017     0    0   0   0   0   0   0   0   0   0   0   0   0   0   0   0   0   0   0   0   0   0   0   0   0
07-SEP-2017     0    0   0   0   0   0   0   0   0   0   0   0   0   0   0   0   0   0   0   0   0   0   0   0   0
06-SEP-2017     0    0   0   0   0   0   0   0   0   0   0   0   0   0   0   0   0   0   0   0   0   0   0   0   0
05-SEP-2017     0    0   0   0   0   0   0   0   0   0   0   0   0   0   0   0   0   0   0   0   0   0   0   0   0
04-SEP-2017     0    0   0   0   0   0   0   0   0   0   0   0   0   0   0   0   0   0   0   0   0   0   0   0   0
03-SEP-2017     0    0   0   0   0   0   0   0   0   0   0   0   0   0   0   0   0   0   0   0   0   0   0   0   0
02-SEP-2017     0    0   0   0   0   0   0   0   0   0   0   0   0   0   0   0   0   0   0   0   0   0   0   0   0
01-SEP-2017     0    0   0   0   0   0   0   0   0   0   0   0   0   0   0   0   0   0   0   0   0   0   0   0   0
31-AUG-2017     0    0   0   0   0   0   0   0   0   0   0   0   0   0   0   0   0   0   0   0   0   0   0   0   0
30-AUG-2017     0    0   0   0   0   0   0   0   0   0   0   0   0   0   0   0   0   0   0   0   0   0   0   0   0
29-AUG-2017     0    0   0   0   0   0   0   0   0   0   0   0   0   0   0   0   0   0   0   0   0   0   0   0   0
28-AUG-2017     0    0   0   0   0   0   0   0   0   0   0   0   0   0   0   0   0   0   0   0   0   0   0   0   0
27-AUG-2017     0    0   0   0   0   0   0   0   0   0   0   0   0   0   0   0   0   0   0   0   0   0   0   0   0
26-AUG-2017     0    0   0   0   0   0   0   0   0   0   0   0   0   0   0   0   0   0   0   0   0   0   0   0   0
25-AUG-2017     0    0   0   0   0   0   0   0   0   0   0   0   0   0   0   0   0   0   0   0   0   0   0   0   0
24-AUG-2017     0    0   0   0   0   0   0   0   0   0   0   0   0   0   0   0   0   0   0   0   0   0   0   0   0
23-AUG-2017     0    0   0   0   0   0   0   0   0   0   0   0   0   0   0   0   0   0   0   0   0   0   0   0   0
22-AUG-2017     0    0   0   0   0   0   0   0   0   0   0   0   0   0   0   0   0   0   0   0   0   0   0   0   0
21-AUG-2017     0    0   0   0   0   0   0   0   0   0   0   0   0   0   0   0   0   0   0   0   0   0   0   0   0
20-AUG-2017     0    0   0   0   0   0   0   0   0   0   0   0   0   0   0   0   0   0   0   0   0   0   0   0   0
19-AUG-2017     0    0   0   0   0   0   0   0   0   0   0   0   0   0   0   0   0   0   0   0   0   0   0   0   0
18-AUG-2017     0    0   0   0   0   0   0   0   0   0   0   0   0   0   0   0   0   0   0   0   0   0   0   0   0
17-AUG-2017     0    0   0   0   0   0   0   0   0   0   0   0   0   0   0   0   0   0   0   0   0   0   0   0   0
16-AUG-2017     0    0   0   0   0   0   0   0   0   0   0   0   0   0   0   0   0   0   0   0   0   0   0   0   0
15-AUG-2017     0    0   0   0   0   0   0   0   0   0   0   0   0   0   0   0   0   0   0   0   0   0   0   0   0
14-AUG-2017     0    0   0   0   0   0   0   0   0   0   0   0   0   0   0   0   0   0   0   0   0   0   0   0   0
13-AUG-2017     8    0   5   1   1   0   0   0   0   0   0   0   0   0   0   1   0   0   0   0   0   0   0   0   0
12-AUG-2017     0    0   0   0   0   0   0   0   0   0   0   0   0   0   0   0   0   0   0   0   0   0   0   0   0
11-AUG-2017     0    0   0   0   0   0   0   0   0   0   0   0   0   0   0   0   0   0   0   0   0   0   0   0   0
10-AUG-2017     0    0   0   0   0   0   0   0   0   0   0   0   0   0   0   0   0   0   0   0   0   0   0   0   0
09-AUG-2017     0    0   0   0   0   0   0   0   0   0   0   0   0   0   0   0   0   0   0   0   0   0   0   0   0
08-AUG-2017     0    0   0   0   0   0   0   0   0   0   0   0   0   0   0   0   0   0   0   0   0   0   0   0   0
07-AUG-2017     0    0   0   0   0   0   0   0   0   0   0   0   0   0   0   0   0   0   0   0   0   0   0   0   0
06-AUG-2017     0    0   0   0   0   0   0   0   0   0   0   0   0   0   0   0   0   0   0   0   0   0   0   0   0
05-AUG-2017     0    0   0   0   0   0   0   0   0   0   0   0   0   0   0   0   0   0   0   0   0   0   0   0   0
04-AUG-2017     0    0   0   0   0   0   0   0   0   0   0   0   0   0   0   0   0   0   0   0   0   0   0   0   0
03-AUG-2017     0    0   0   0   0   0   0   0   0   0   0   0   0   0   0   0   0   0   0   0   0   0   0   0   0
02-AUG-2017     0    0   0   0   0   0   0   0   0   0   0   0   0   0   0   0   0   0   0   0   0   0   0   0   0
01-AUG-2017     0    0   0   0   0   0   0   0   0   0   0   0   0   0   0   0   0   0   0   0   0   0   0   0   0
31-JUL-2017     0    0   0   0   0   0   0   0   0   0   0   0   0   0   0   0   0   0   0   0   0   0   0   0   0
30-JUL-2017     0    0   0   0   0   0   0   0   0   0   0   0   0   0   0   0   0   0   0   0   0   0   0   0   0
29-JUL-2017     0    0   0   0   0   0   0   0   0   0   0   0   0   0   0   0   0   0   0   0   0   0   0   0   0
28-JUL-2017     0    0   0   0   0   0   0   0   0   0   0   0   0   0   0   0   0   0   0   0   0   0   0   0   0
27-JUL-2017     0    0   0   0   0   0   0   0   0   0   0   0   0   0   0   0   0   0   0   0   0   0   0   0   0
26-JUL-2017     0    0   0   0   0   0   0   0   0   0   0   0   0   0   0   0   0   0   0   0   0   0   0   0   0
25-JUL-2017     0    0   0   0   0   0   0   0   0   0   0   0   0   0   0   0   0   0   0   0   0   0   0   0   0
24-JUL-2017     0    0   0   0   0   0   0   0   0   0   0   0   0   0   0   0   0   0   0   0   0   0   0   0   0
23-JUL-2017     0    0   0   0   0   0   0   0   0   0   0   0   0   0   0   0   0   0   0   0   0   0   0   0   0
22-JUL-2017     0    0   0   0   0   0   0   0   0   0   0   0   0   0   0   0   0   0   0   0   0   0   0   0   0
21-JUL-2017     0    0   0   0   0   0   0   0   0   0   0   0   0   0   0   0   0   0   0   0   0   0   0   0   0
20-JUL-2017     0    0   0   0   0   0   0   0   0   0   0   0   0   0   0   0   0   0   0   0   0   0   0   0   0
19-JUL-2017     0    0   0   0   0   0   0   0   0   0   0   0   0   0   0   0   0   0   0   0   0   0   0   0   0
18-JUL-2017     0    0   0   0   0   0   0   0   0   0   0   0   0   0   0   0   0   0   0   0   0   0   0   0   0
17-JUL-2017     0    0   0   0   0   0   0   0   0   0   0   0   0   0   0   0   0   0   0   0   0   0   0   0   0
16-JUL-2017     0    0   0   0   0   0   0   0   0   0   0   0   0   0   0   0   0   0   0   0   0   0   0   0   0
15-JUL-2017     0    0   0   0   0   0   0   0   0   0   0   0   0   0   0   0   0   0   0   0   0   0   0   0   0
14-JUL-2017     0    0   0   0   0   0   0   0   0   0   0   0   0   0   0   0   0   0   0   0   0   0   0   0   0
13-JUL-2017     0    0   0   0   0   0   0   0   0   0   0   0   0   0   0   0   0   0   0   0   0   0   0   0   0
12-JUL-2017     0    0   0   0   0   0   0   0   0   0   0   0   0   0   0   0   0   0   0   0   0   0   0   0   0
11-JUL-2017     0    0   0   0   0   0   0   0   0   0   0   0   0   0   0   0   0   0   0   0   0   0   0   0   0
10-JUL-2017     0    0   0   0   0   0   0   0   0   0   0   0   0   0   0   0   0   0   0   0   0   0   0   0   0
09-JUL-2017     0    0   0   0   0   0   0   0   0   0   0   0   0   0   0   0   0   0   0   0   0   0   0   0   0
08-JUL-2017     0    0   0   0   0   0   0   0   0   0   0   0   0   0   0   0   0   0   0   0   0   0   0   0   0
07-JUL-2017     0    0   0   0   0   0   0   0   0   0   0   0   0   0   0   0   0   0   0   0   0   0   0   0   0
06-JUL-2017     0    0   0   0   0   0   0   0   0   0   0   0   0   0   0   0   0   0   0   0   0   0   0   0   0
05-JUL-2017     0    0   0   0   0   0   0   0   0   0   0   0   0   0   0   0   0   0   0   0   0   0   0   0   0
04-JUL-2017     0    0   0   0   0   0   0   0   0   0   0   0   0   0   0   0   0   0   0   0   0   0   0   0   0
03-JUL-2017     0    0   0   0   0   0   0   0   0   0   0   0   0   0   0   0   0   0   0   0   0   0   0   0   0
02-JUL-2017     0    0   0   0   0   0   0   0   0   0   0   0   0   0   0   0   0   0   0   0   0   0   0   0   0
01-JUL-2017     0    0   0   0   0   0   0   0   0   0   0   0   0   0   0   0   0   0   0   0   0   0   0   0   0
30-JUN-2017     0    0   0   0   0   0   0   0   0   0   0   0   0   0   0   0   0   0   0   0   0   0   0   0   0
29-JUN-2017     0    0   0   0   0   0   0   0   0   0   0   0   0   0   0   0   0   0   0   0   0   0   0   0   0
28-JUN-2017     0    0   0   0   0   0   0   0   0   0   0   0   0   0   0   0   0   0   0   0   0   0   0   0   0
27-JUN-2017     0    0   0   0   0   0   0   0   0   0   0   0   0   0   0   0   0   0   0   0   0   0   0   0   0
26-JUN-2017     0    0   0   0   0   0   0   0   0   0   0   0   0   0   0   0   0   0   0   0   0   0   0   0   0
25-JUN-2017     0    0   0   0   0   0   0   0   0   0   0   0   0   0   0   0   0   0   0   0   0   0   0   0   0
24-JUN-2017     0    0   0   0   0   0   0   0   0   0   0   0   0   0   0   0   0   0   0   0   0   0   0   0   0
23-JUN-2017     0    0   0   0   0   0   0   0   0   0   0   0   0   0   0   0   0   0   0   0   0   0   0   0   0
22-JUN-2017     0    0   0   0   0   0   0   0   0   0   0   0   0   0   0   0   0   0   0   0   0   0   0   0   0
21-JUN-2017     0    0   0   0   0   0   0   0   0   0   0   0   0   0   0   0   0   0   0   0   0   0   0   0   0
20-JUN-2017     0    0   0   0   0   0   0   0   0   0   0   0   0   0   0   0   0   0   0   0   0   0   0   0   0
19-JUN-2017     0    0   0   0   0   0   0   0   0   0   0   0   0   0   0   0   0   0   0   0   0   0   0   0   0
18-JUN-2017     1    0   0   0   0   0   0   0   0   0   0   1   0   0   0   0   0   0   0   0   0   0   0   0   0
17-JUN-2017     1    0   0   0   0   0   0   0   0   0   1   0   0   0   0   0   0   0   0   0   0   0   0   0   0
16-JUN-2017     3    0   0   0   1   1   1   0   0   0   0   0   0   0   0   0   0   0   0   0   0   0   0   0   0
15-JUN-2017    39    0   0   1   0   1   0   1   2   5   0   0   4   8   0   3   8   4   1   0   0   0   1   0   0
14-JUN-2017     0    0   0   0   0   0   0   0   0   0   0   0   0   0   0   0   0   0   0   0   0   0   0   0   0
13-JUN-2017     3    0   0   0   0   0   0   0   0   0   0   3   0   0   0   0   0   0   0   0   0   0   0   0   0
12-JUN-2017     0    0   0   0   0   0   0   0   0   0   0   0   0   0   0   0   0   0   0   0   0   0   0   0   0
11-JUN-2017     1    0   0   0   0   0   0   0   0   0   0   0   0   0   1   0   0   0   0   0   0   0   0   0   0
10-JUN-2017     8    0   0   0   1   2   0   0   1   2   1   0   0   0   0   1   0   0   0   0   0   0   0   0   0
09-JUN-2017     7    0   0   0   0   0   0   0   0   0   0   0   0   0   0   0   6   1   0   0   0   0   0   0   0
08-JUN-2017    32    4   2   3   7   6   2   5   2   0   0   0   0   0   0   0   1   0   0   0   0   0   0   0   0
07-JUN-2017     0    0   0   0   0   0   0   0   0   0   0   0   0   0   0   0   0   0   0   0   0   0   0   0   0
06-JUN-2017     0    0   0   0   0   0   0   0   0   0   0   0   0   0   0   0   0   0   0   0   0   0   0   0   0
05-JUN-2017     0    0   0   0   0   0   0   0   0   0   0   0   0   0   0   0   0   0   0   0   0   0   0   0   0
04-JUN-2017     0    0   0   0   0   0   0   0   0   0   0   0   0   0   0   0   0   0   0   0   0   0   0   0   0
03-JUN-2017     0    0   0   0   0   0   0   0   0   0   0   0   0   0   0   0   0   0   0   0   0   0   0   0   0
02-JUN-2017     0    0   0   0   0   0   0   0   0   0   0   0   0   0   0   0   0   0   0   0   0   0   0   0   0
01-JUN-2017     2    0   1   0   0   0   0   0   0   0   0   0   1   0   0   0   0   0   0   0   0   0   0   0   0
31-MAY-2017     0    0   0   0   0   0   0   0   0   0   0   0   0   0   0   0   0   0   0   0   0   0   0   0   0
30-MAY-2017     9    0   0   0   0   0   0   0   0   2   1   1   2   1   1   1   0   0   0   0   0   0   0   0   0
29-MAY-2017     0    0   0   0   0   0   0   0   0   0   0   0   0   0   0   0   0   0   0   0   0   0   0   0   0
28-MAY-2017     0    0   0   0   0   0   0   0   0   0   0   0   0   0   0   0   0   0   0   0   0   0   0   0   0
27-MAY-2017     0    0   0   0   0   0   0   0   0   0   0   0   0   0   0   0   0   0   0   0   0   0   0   0   0
26-MAY-2017     0    0   0   0   0   0   0   0   0   0   0   0   0   0   0   0   0   0   0   0   0   0   0   0   0
25-MAY-2017     0    0   0   0   0   0   0   0   0   0   0   0   0   0   0   0   0   0   0   0   0   0   0   0   0
24-MAY-2017     0    0   0   0   0   0   0   0   0   0   0   0   0   0   0   0   0   0   0   0   0   0   0   0   0
23-MAY-2017     0    0   0   0   0   0   0   0   0   0   0   0   0   0   0   0   0   0   0   0   0   0   0   0   0
22-MAY-2017     0    0   0   0   0   0   0   0   0   0   0   0   0   0   0   0   0   0   0   0   0   0   0   0   0
21-MAY-2017     0    0   0   0   0   0   0   0   0   0   0   0   0   0   0   0   0   0   0   0   0   0   0   0   0
20-MAY-2017     0    0   0   0   0   0   0   0   0   0   0   0   0   0   0   0   0   0   0   0   0   0   0   0   0
19-MAY-2017     0    0   0   0   0   0   0   0   0   0   0   0   0   0   0   0   0   0   0   0   0   0   0   0   0
18-MAY-2017     0    0   0   0   0   0   0   0   0   0   0   0   0   0   0   0   0   0   0   0   0   0   0   0   0
17-MAY-2017     5    0   0   0   3   2   0   0   0   0   0   0   0   0   0   0   0   0   0   0   0   0   0   0   0
16-MAY-2017    31    1   7   3   0   2   0   0   3   3   0   0   0   0   0   0   2   6   0   0   0   1   2   1   0
15-MAY-2017    33    0   0   0   0   0   0   0   0   0   0   0   1   0   0   0   0   0   0   4   7   9   9   3   0
14-MAY-2017    12    0   0   0   0   0   1   1   2   3   0   0   0   1   0   0   4   0   0   0   0   0   0   0   0
13-MAY-2017    71    0   0   2   0   0   0   8   4   7   0   0   0   0   0  37   6   3   3   0   1   0   0   0   0
12-MAY-2017    14    0   0   0   0   0   0   0   0   0   0   0   0   0   1   2   4   0   0   1   0   0   0   6   0
11-MAY-2017    28    0   0   0   0   0   3   0   5   4   5   1   2   1   0   2   4   0   1   0   0   0   0   0   0
10-MAY-2017     0    0   0   0   0   0   0   0   0   0   0   0   0   0   0   0   0   0   0   0   0   0   0   0   0
09-MAY-2017     0    0   0   0   0   0   0   0   0   0   0   0   0   0   0   0   0   0   0   0   0   0   0   0   0
08-MAY-2017     0    0   0   0   0   0   0   0   0   0   0   0   0   0   0   0   0   0   0   0   0   0   0   0   0
07-MAY-2017     0    0   0   0   0   0   0   0   0   0   0   0   0   0   0   0   0   0   0   0   0   0   0   0   0
06-MAY-2017     0    0   0   0   0   0   0   0   0   0   0   0   0   0   0   0   0   0   0   0   0   0   0   0   0
05-MAY-2017    10    0   0   0   0   0   0   0   4   3   2   1   0   0   0   0   0   0   0   0   0   0   0   0   0
04-MAY-2017     0    0   0   0   0   0   0   0   0   0   0   0   0   0   0   0   0   0   0   0   0   0   0   0   0
03-MAY-2017     0    0   0   0   0   0   0   0   0   0   0   0   0   0   0   0   0   0   0   0   0   0   0   0   0
02-MAY-2017    16    0   0   0   0   0   0   0   0   0   0   0   0   0   2   2   1   4   3   1   0   2   1   0   0
01-MAY-2017     1    0   0   0   0   0   0   0   0   0   0   0   0   0   0   0   0   0   0   0   0   0   1   0   0
30-APR-2017     4    0   0   0   0   4   0   0   0   0   0   0   0   0   0   0   0   0   0   0   0   0   0   0   0
29-APR-2017     3    0   0   0   0   0   0   0   0   0   0   0   0   0   0   0   0   0   0   0   1   1   0   1   0
28-APR-2017     0    0   0   0   0   0   0   0   0   0   0   0   0   0   0   0   0   0   0   0   0   0   0   0   0
27-APR-2017     5    0   0   0   0   0   0   0   0   0   0   0   0   1   0   4   0   0   0   0   0   0   0   0   0
26-APR-2017    19    0   0   5   2   1   4   3   0   0   1   0   0   0   0   2   0   0   0   0   1   0   0   0   0
25-APR-2017    12    0   0   0   0   0   0   0   0   0   0   0   1   1   2   1   1   0   2   3   1   0   0   0   0
24-APR-2017    85    5   4   4   4   6   6   2   4   2   6   9   6  17   9   0   0   0   0   0   1   0   0   0   0
23-APR-2017    43    0   0   0   0   0   0   0   0   1   0   0   2   0   9   0   7   0   5   3   8   3   3   2   0
22-APR-2017    17    0   0   0   0   0   0   0   4  11   0   0   0   0   1   1   0   0   0   0   0   0   0   0   0
21-APR-2017     0    0   0   0   0   0   0   0   0   0   0   0   0   0   0   0   0   0   0   0   0   0   0   0   0
20-APR-2017    26    6   0   0   0   0   0   0   4   1   0   0   0  14   0   0   0   0   0   1   0   0   0   0   0
19-APR-2017    44    0   0   0   0   0   0   0   2   0   3   0   1   0   0   8   0   5   9   2  13   0   0   1   0
18-APR-2017     1    0   0   0   0   0   0   0   0   0   0   0   0   0   0   0   1   0   0   0   0   0   0   0   0
17-APR-2017    28    0   0   0   0   0   0   0   0   0   0   0   1   1   4   0   0   0   0   0   2   8  10   2   0
16-APR-2017     1    0   0   0   0   0   0   0   0   0   0   0   0   0   0   0   0   0   0   0   0   0   1   0   0
15-APR-2017     0    0   0   0   0   0   0   0   0   0   0   0   0   0   0   0   0   0   0   0   0   0   0   0   0
14-APR-2017    22    3   1   1   0   0   0   2   0   0   0   0   2   0   7   0   0   0   6   0   0   0   0   0   0
13-APR-2017     4    0   0   0   0   0   0   0   0   0   0   1   0   0   0   0   0   0   1   0   0   0   2   0   0
12-APR-2017    50   12   2   0   2   3   2   0   1   0   0   0   0   0   0   8  12   3   2   2   1   0   0   0   0
11-APR-2017    14    0   0   0   0   0   0   0   0   0   1   0   0   0   0   0   0   0   0   0   1   5   4   3   0
10-APR-2017     5    0   0   0   0   0   0   0   0   0   0   1   0   4   0   0   0   0   0   0   0   0   0   0   0
09-APR-2017     9    0   0   0   0   0   0   0   0   0   0   0   0   0   0   0   0   0   0   1   0   5   2   1   0
08-APR-2017     6    0   0   0   4   1   0   0   0   0   0   0   0   0   1   0   0   0   0   0   0   0   0   0   0
07-APR-2017    15    0   0   1   0   0   0   0   0   0   1   5   3   3   1   1   0   0   0   0   0   0   0   0   0
06-APR-2017    42    0   0   4   3   5   4   9   3   4   0   1   0   0   0   0   0   1   0   0   0   0   3   5   0
05-APR-2017     0    0   0   0   0   0   0   0   0   0   0   0   0   0   0   0   0   0   0   0   0   0   0   0   0
04-APR-2017     1    0   0   0   0   0   0   0   0   0   0   0   0   0   0   0   0   0   0   1   0   0   0   0   0
03-APR-2017     0    0   0   0   0   0   0   0   0   0   0   0   0   0   0   0   0   0   0   0   0   0   0   0   0
02-APR-2017     0    0   0   0   0   0   0   0   0   0   0   0   0   0   0   0   0   0   0   0   0   0   0   0   0
01-APR-2017     0    0   0   0   0   0   0   0   0   0   0   0   0   0   0   0   0   0   0   0   0   0   0   0   0
31-MAR-2017     0    0   0   0   0   0   0   0   0   0   0   0   0   0   0   0   0   0   0   0   0   0   0   0   0
30-MAR-2017     4    0   0   0   0   0   0   0   0   0   1   0   0   0   1   2   0   0   0   0   0   0   0   0   0
29-MAR-2017    20    3   4   4   0   1   0   7   0   0   0   0   0   0   1   0   0   0   0   0   0   0   0   0   0
28-MAR-2017     6    1   0   0   0   0   0   0   0   0   0   0   0   0   0   1   0   0   0   0   0   0   0   4   0
27-MAR-2017     9    0   1   2   1   0   2   0   0   0   0   0   0   2   0   1   0   0   0   0   0   0   0   0   0
26-MAR-2017    52    0   0   0   0   0   0   2   5   4   6   9   4   5   6   6   1   3   1   0   0   0   0   0   0
25-MAR-2017     0    0   0   0   0   0   0   0   0   0   0   0   0   0   0   0   0   0   0   0   0   0   0   0   0
24-MAR-2017    72    3   4   6   8   7   5   1   5   5   1   0   0   3   0   8   0   4  11   0   0   0   1   0   0
23-MAR-2017    33    0   0   0   0   0   0   0   0   0   0   0   0   0   0   0   0   0   2   9   7   7   6   2   0
22-MAR-2017     5    1   0   0   0   0   0   0   0   0   0   0   3   0   1   0   0   0   0   0   0   0   0   0   0
21-MAR-2017    30    1   1   0   0   0   0   1   3   5   0   0   0   0   0   0   0   1   5   5   7   1   0   0   0
20-MAR-2017    10    0   0   0   0   0   0   0   0   0   0   0   0   0   0   0   0   3   3   0   0   0   0   2   2
19-MAR-2017     1    0   0   0   0   0   0   0   0   0   0   0   0   1   0   0   0   0   0   0   0   0   0   0   0
18-MAR-2017    41    0   0   0   1   1   6   1  20   8   3   0   0   0   1   0   0   0   0   0   0   0   0   0   0
17-MAR-2017    33    0   0   0   0   0   0   0   0   0   2   3   5   5   4   5   6   2   0   0   1   0   0   0   0
16-MAR-2017     1    0   0   0   0   0   0   0   0   0   0   1   0   0   0   0   0   0   0   0   0   0   0   0   0
15-MAR-2017    68    4   4   9   7  12  11   6   1   1   1   0   1   4   0   2   3   0   2   0   0   0   0   0   0
14-MAR-2017    69    4   0   0   0   0   0   0   0   1   6   1   6   2   6   8  10   5   4   4   5   2   3   2   0
13-MAR-2017    76    0   0   0   0   0   0   0   0   4   6  10  20   9   1   5   7   1   1   6   3   0   0   2   1
12-MAR-2017     0    0   0   0   0   0   0   0   0   0   0   0   0   0   0   0   0   0   0   0   0   0   0   0   0
11-MAR-2017    30    0   0   0   0   0   0   0   0  13   8   6   1   1   0   0   0   1   0   0   0   0   0   0   0
10-MAR-2017     1    0   0   0   0   0   0   0   0   0   0   0   1   0   0   0   0   0   0   0   0   0   0   0   0
09-MAR-2017    57    0   0   0   1   1   1   2   5   5   7   6   5   0   2   7   6   4   0   0   0   5   0   0   0
08-MAR-2017    30    0   0   0   0   2   1   0   1   0   0   0   2   1   1   3   3   3   3   6   3   0   1   0   0
07-MAR-2017    54    0   1   1   0   1   3   2   1   2   1   4   5   8   6   4   9   4   1   1   0   0   0   0   0
06-MAR-2017    41    0   0   3   4   0   2   6   2   0   1   0   0   6   1   0   0   3   0  12   0   0   0   1   0
05-MAR-2017    29    0   2   0   0   0   0   0   0   0   0   0   0   0   0   1   0   0  11   2   0  10   0   1   2
04-MAR-2017    21    0   0   0   0   0   0   0   0   0   0   0   7   1   0   0   0   3   6   1   0   3   0   0   0
03-MAR-2017    24    0   0   0   0   0   0   0   0   0   0   0   0   0   0   2   1   1   3  15   1   0   1   0   0
02-MAR-2017     6    0   0   0   0   0   0   0   0   0   0   0   0   0   0   0   0   0   2   4   0   0   0   0   0
01-MAR-2017     3    0   0   0   0   0   0   1   0   0   2   0   0   0   0   0   0   0   0   0   0   0   0   0   0
28-FEB-2017     1    0   0   0   0   0   0   0   0   0   0   0   0   0   0   1   0   0   0   0   0   0   0   0   0
27-FEB-2017    12    0   0   0   0   0   1   0   1   0   2   1   0   0   0   0   0   0   6   1   0   0   0   0   0
26-FEB-2017    21    0   0   0   0   1   2   2   2   6   6   0   0   0   0   0   1   1   0   0   0   0   0   0   0
25-FEB-2017     1    0   0   0   0   0   0   0   0   0   0   0   0   0   0   0   0   0   1   0   0   0   0   0   0
24-FEB-2017     9    0   0   1   0   0   0   0   0   0   0   0   0   1   0   1   2   1   3   0   0   0   0   0   0
23-FEB-2017     1    0   0   0   0   0   0   0   0   0   0   0   0   1   0   0   0   0   0   0   0   0   0   0   0
22-FEB-2017     0    0   0   0   0   0   0   0   0   0   0   0   0   0   0   0   0   0   0   0   0   0   0   0   0
21-FEB-2017    50    1   3   8   6   5   2   5   4   5   5   3   3   0   0   0   0   0   0   0   0   0   0   0   0
20-FEB-2017    84    3   2   3   5   9   4  18  21   3  10   4   2   0   0   0   0   0   0   0   0   0   0   0   0
19-FEB-2017    30    5   3   5   2   0   0   0   1   2   0   1   0   0   0   4   4   0   1   1   0   0   0   0   1
18-FEB-2017    17    0   0   0   0   0   0   1   2   0   1   0   0   0   0   0   1   0   0   0   0   0   1   5   6
17-FEB-2017     0    0   0   0   0   0   0   0   0   0   0   0   0   0   0   0   0   0   0   0   0   0   0   0   0
16-FEB-2017   193    9  16   8   6   1   8  14   6  12   8  19  21  16  17  14  11   0   2   4   0   0   0   1   0
15-FEB-2017   112    1   3   2   1   0   1   3   8   5  11   5   9   6   6   2   8   5   4   3   5   6   4   8   6
14-FEB-2017     3    0   0   0   0   0   0   0   0   0   0   0   0   0   0   0   0   0   0   0   0   0   1   1   1
13-FEB-2017     0    0   0   0   0   0   0   0   0   0   0   0   0   0   0   0   0   0   0   0   0   0   0   0   0
12-FEB-2017     0    0   0   0   0   0   0   0   0   0   0   0   0   0   0   0   0   0   0   0   0   0   0   0   0
11-FEB-2017     1    0   0   0   0   0   0   0   0   0   0   0   0   0   0   1   0   0   0   0   0   0   0   0   0
10-FEB-2017    17    0   0   1   2   1   1   0   3   0   0   0   4   1   2   0   2   0   0   0   0   0   0   0   0
09-FEB-2017   112    7   7   9   5   7   3   4   4   6   7   5   0  21   4   0   1   0  21   1   0   0   0   0   0
08-FEB-2017   133    2   0   2   8  10   6   8   2   2   6   7   3   7   3   7   4   2   4  12   6   5   5  14   8
07-FEB-2017    10    0   0   0   0   0   0   0   0   0   2   2   1   0   2   2   0   0   0   0   0   0   0   0   1
06-FEB-2017    22    2   0   0   0   0   0   0   0   4   5   3   0   0   5   2   0   1   0   0   0   0   0   0   0
05-FEB-2017   263    4  12  11  12  13  12   2  10  15  12   8  13  10  12  11   9  17  16  16   9  14  12   7   6
04-FEB-2017    82    4   1   4   9   8   7   2   4   1   1   0   0   0   1   0   0   1   0   8  25   0   0   3   3
03-FEB-2017    65    0   0   1   0   0   0   0   0   0   0   0   0   0   0   1   0   0   0   1   1   2  20  37   2
02-FEB-2017     0    0   0   0   0   0   0   0   0   0   0   0   0   0   0   0   0   0   0   0   0   0   0   0   0
01-FEB-2017     0    0   0   0   0   0   0   0   0   0   0   0   0   0   0   0   0   0   0   0   0   0   0   0   0
31-JAN-2017     2    0   0   0   0   0   0   0   0   0   0   0   2   0   0   0   0   0   0   0   0   0   0   0   0
30-JAN-2017     1    0   0   0   1   0   0   0   0   0   0   0   0   0   0   0   0   0   0   0   0   0   0   0   0
29-JAN-2017     0    0   0   0   0   0   0   0   0   0   0   0   0   0   0   0   0   0   0   0   0   0   0   0   0
28-JAN-2017     0    0   0   0   0   0   0   0   0   0   0   0   0   0   0   0   0   0   0   0   0   0   0   0   0
27-JAN-2017     0    0   0   0   0   0   0   0   0   0   0   0   0   0   0   0   0   0   0   0   0   0   0   0   0
26-JAN-2017     1    0   0   0   0   0   1   0   0   0   0   0   0   0   0   0   0   0   0   0   0   0   0   0   0
25-JAN-2017     0    0   0   0   0   0   0   0   0   0   0   0   0   0   0   0   0   0   0   0   0   0   0   0   0
24-JAN-2017     0    0   0   0   0   0   0   0   0   0   0   0   0   0   0   0   0   0   0   0   0   0   0   0   0
23-JAN-2017     0    0   0   0   0   0   0   0   0   0   0   0   0   0   0   0   0   0   0   0   0   0   0   0   0
22-JAN-2017    18    0   0   0   6   7   0   5   0   0   0   0   0   0   0   0   0   0   0   0   0   0   0   0   0
21-JAN-2017    36    0   0   0   1   3   0   0   0   0   0   3   4  12   7   3   0   0   1   1   1   0   0   0   0
20-JAN-2017    42    0   0   0   0   0   0   1   2   0   0   1   2   4   6   3   0   0   2   1   6   7   6   1   0
19-JAN-2017     0    0   0   0   0   0   0   0   0   0   0   0   0   0   0   0   0   0   0   0   0   0   0   0   0
18-JAN-2017   148    4   7  19  20  17   6   3   0   5  11   1   0  10  16   8   7   1   0   4   9   0   0   0   0
17-JAN-2017    97    0   0   0   0   0   0   0   0   0   0   0   0   0  14  13  12   5   7   7   5  12  11   5   6
16-JAN-2017     0    0   0   0   0   0   0   0   0   0   0   0   0   0   0   0   0   0   0   0   0   0   0   0   0
15-JAN-2017     0    0   0   0   0   0   0   0   0   0   0   0   0   0   0   0   0   0   0   0   0   0   0   0   0
14-JAN-2017     0    0   0   0   0   0   0   0   0   0   0   0   0   0   0   0   0   0   0   0   0   0   0   0   0
13-JAN-2017     2    0   0   0   0   0   0   0   0   0   1   0   1   0   0   0   0   0   0   0   0   0   0   0   0
12-JAN-2017    55    0   0   0   0   0   0   0   0   0   1  16  10  16  12   0   0   0   0   0   0   0   0   0   0
11-JAN-2017     2    0   0   0   0   0   0   0   0   0   0   0   0   0   0   0   1   1   0   0   0   0   0   0   0
10-JAN-2017    18    4   0   0   2   7   0   0   1   1   0   0   0   0   1   1   0   1   0   0   0   0   0   0   0
09-JAN-2017    59    1   0   0   1   0   6  21  10   3   0   0   2   1   0   1   0   0   3   4   1   1   1   0   3
08-JAN-2017    67    0   0   0   0   0   0   0   0   0   0   0   6   3   4   1  11  11  17   1   6   3   1   2   1
07-JAN-2017     0    0   0   0   0   0   0   0   0   0   0   0   0   0   0   0   0   0   0   0   0   0   0   0   0
06-JAN-2017     0    0   0   0   0   0   0   0   0   0   0   0   0   0   0   0   0   0   0   0   0   0   0   0   0
05-JAN-2017     0    0   0   0   0   0   0   0   0   0   0   0   0   0   0   0   0   0   0   0   0   0   0   0   0
04-JAN-2017     0    0   0   0   0   0   0   0   0   0   0   0   0   0   0   0   0   0   0   0   0   0   0   0   0
03-JAN-2017     0    0   0   0   0   0   0   0   0   0   0   0   0   0   0   0   0   0   0   0   0   0   0   0   0
02-JAN-2017     1    0   0   0   0   0   0   0   0   0   0   0   1   0   0   0   0   0   0   0   0   0   0   0   0
01-JAN-2017    17    1   0   0   0   4   3   1   7   0   1   0   0   0   0   0   0   0   0   0   0   0   0   0   0
31-DEC-2016    19    0   0   0   0   0   0   0   0   0   0   0   0   0   0   0   0   0   0   0   5   3   0   0  11
30-DEC-2016     0    0   0   0   0   0   0   0   0   0   0   0   0   0   0   0   0   0   0   0   0   0   0   0   0
29-DEC-2016     6    0   0   0   0   0   0   0   0   0   0   0   0   0   0   0   0   0   0   0   0   0   0   3   3
28-DEC-2016     0    0   0   0   0   0   0   0   0   0   0   0   0   0   0   0   0   0   0   0   0   0   0   0   0
27-DEC-2016    31    1   5   6   8   0   1   0   1   0   0   0   0   0   0   5   4   0   0   0   0   0   0   0   0
26-DEC-2016    28    0   0   0   0   0   0   0   0   0   0   0   0   1   0   0   0   0   1   5   8   7   3   3   0
25-DEC-2016     1    0   0   0   0   0   0   0   0   0   1   0   0   0   0   0   0   0   0   0   0   0   0   0   0
24-DEC-2016     0    0   0   0   0   0   0   0   0   0   0   0   0   0   0   0   0   0   0   0   0   0   0   0   0
23-DEC-2016    21    3   7   4   3   4   0   0   0   0   0   0   0   0   0   0   0   0   0   0   0   0   0   0   0
22-DEC-2016     4    0   0   0   0   0   0   0   0   0   0   0   0   0   0   0   0   0   0   0   0   0   2   0   2
21-DEC-2016     0    0   0   0   0   0   0   0   0   0   0   0   0   0   0   0   0   0   0   0   0   0   0   0   0
20-DEC-2016    40   13   9   8   5   0   1   0   2   2   0   0   0   0   0   0   0   0   0   0   0   0   0   0   0
19-DEC-2016    74    0   0   0   0   0   0   0  15  12   3   1   0   0   0   0   0   0   0   1   7   9   9  13   4
18-DEC-2016     0    0   0   0   0   0   0   0   0   0   0   0   0   0   0   0   0   0   0   0   0   0   0   0   0
17-DEC-2016     0    0   0   0   0   0   0   0   0   0   0   0   0   0   0   0   0   0   0   0   0   0   0   0   0
16-DEC-2016     2    0   0   0   0   0   0   0   0   0   0   1   1   0   0   0   0   0   0   0   0   0   0   0   0
15-DEC-2016     8    0   0   0   0   0   0   0   0   0   0   0   0   0   5   3   0   0   0   0   0   0   0   0   0
14-DEC-2016     0    0   0   0   0   0   0   0   0   0   0   0   0   0   0   0   0   0   0   0   0   0   0   0   0
13-DEC-2016     0    0   0   0   0   0   0   0   0   0   0   0   0   0   0   0   0   0   0   0   0   0   0   0   0
12-DEC-2016     6    0   2   0   0   0   0   0   1   0   0   0   0   0   0   0   0   0   0   0   0   3   0   0   0
11-DEC-2016    80    0   1   0   0   9   8   6   7   3   2   8   1   3   0   0   0   0   0   5   1   4  14   8   0
10-DEC-2016    99   26  13   1   0   0   0   1   1   2   5   8  11   3   1   0   2   9  11   2   2   0   0   0   1
09-DEC-2016    72    0   0   0   0   0   0   0   0   0   0   0   0   0   1   2   2   3   4   5   6   7  10  12  20
08-DEC-2016     0    0   0   0   0   0   0   0   0   0   0   0   0   0   0   0   0   0   0   0   0   0   0   0   0
07-DEC-2016     1    0   0   0   0   0   0   0   0   0   0   0   0   0   0   0   0   0   0   0   0   0   0   1   0
06-DEC-2016     1    0   0   0   0   0   0   0   0   0   1   0   0   0   0   0   0   0   0   0   0   0   0   0   0
05-DEC-2016    30    0   0   0   0   0   0   3   5   3  10   8   0   1   0   0   0   0   0   0   0   0   0   0   0
04-DEC-2016    72    6  12  12  15  13   6   5   2   0   0   0   0   0   0   0   0   1   0   0   0   0   0   0   0
03-DEC-2016    27    0   0   0   0   0   0   0   0   0   0   0   0   0   0   0   7   2   1   0   0   1   5   4   7
02-DEC-2016    11    0   0   0   0   0   1   1   1   0   0   0   1   0   0   0   0   0   0   0   3   3   1   0   0
01-DEC-2016     1    0   0   0   0   0   0   0   0   0   0   0   0   0   0   0   0   0   0   1   0   0   0   0   0
30-NOV-2016    11    3   3   1   1   0   0   0   0   2   0   0   0   0   1   0   0   0   0   0   0   0   0   0   0
29-NOV-2016    12    0   0   1   0   0   0   0   0   0   0   0   0   0   0   0   0   0   0   0   0   0   2   3   6
28-NOV-2016     5    0   2   0   1   0   0   0   0   0   2   0   0   0   0   0   0   0   0   0   0   0   0   0   0
27-NOV-2016    29    0   0   0   0   0   0   0   0   0   0   0   0   0   0   0   0   0   2   5  14   4   0   4   0
26-NOV-2016    50    0   0   0   0   0   0   0   0   0   0   0   0   0   0   0   0   2   4  20  10   4   5   3   2
25-NOV-2016    56   12  10   5   7   5   3   6   4   1   0   0   0   0   0   1   1   1   0   0   0   0   0   0   0
24-NOV-2016   228    0   0   0   0   0   1   1   0   4   6  26  34  25  29  18   4  10   9   9   9  12  16   8   7
23-NOV-2016    53    2   0   3   0   0  21   6   1   2   5   4   1   0   0   0   0   0   3   3   0   0   1   0   1
22-NOV-2016    82    0   0   0   0   0   0   0   0   0   0   0   0   0   0   8  12   9   7   5   8   7   3   6  17
21-NOV-2016     1    0   0   0   0   0   0   0   0   0   1   0   0   0   0   0   0   0   0   0   0   0   0   0   0
20-NOV-2016    34    0   1   1   0   1   0   1   0   0   1   1   1   1   0   0   0   0   0   0  26   0   0   0   0
19-NOV-2016    13    0   0   0   1   1   2   0   3   0   0   0   0   0   0   1   2   1   2   0   0   0   0   0   0
18-NOV-2016     0    0   0   0   0   0   0   0   0   0   0   0   0   0   0   0   0   0   0   0   0   0   0   0   0
17-NOV-2016     0    0   0   0   0   0   0   0   0   0   0   0   0   0   0   0   0   0   0   0   0   0   0   0   0
16-NOV-2016    12    4   1   0   1   1   0   2   3   0   0   0   0   0   0   0   0   0   0   0   0   0   0   0   0
15-NOV-2016    31    1   0   0   0   0   8   0   2   0   0   0   0   0   0  15   0   0   0   0   0   1   1   1   2
14-NOV-2016   124    0   0   0   2   6   3   7   6   2   3   1   1   3   2   2   5   6   9   8  10  28  11   6   3
13-NOV-2016    13    0   0   0   0   0   0   0   0   1   0   0   0   0   0   0   0   1   1   0   0   0   4   4   2
12-NOV-2016    10    6   0   0   0   0   0   0   0   1   0   0   2   1   0   0   0   0   0   0   0   0   0   0   0
11-NOV-2016     0    0   0   0   0   0   0   0   0   0   0   0   0   0   0   0   0   0   0   0   0   0   0   0   0
10-NOV-2016     1    0   0   0   0   0   0   0   0   0   0   0   1   0   0   0   0   0   0   0   0   0   0   0   0
09-NOV-2016     3    0   0   0   0   1   1   1   0   0   0   0   0   0   0   0   0   0   0   0   0   0   0   0   0
08-NOV-2016     0    0   0   0   0   0   0   0   0   0   0   0   0   0   0   0   0   0   0   0   0   0   0   0   0
07-NOV-2016     0    0   0   0   0   0   0   0   0   0   0   0   0   0   0   0   0   0   0   0   0   0   0   0   0
06-NOV-2016     1    0   0   0   0   0   0   1   0   0   0   0   0   0   0   0   0   0   0   0   0   0   0   0   0
05-NOV-2016   118    0   0   0   0   0   0   0   1   1   4   6   6   3   1   5  16  25   9   9  11  10   6   5   0
04-NOV-2016     0    0   0   0   0   0   0   0   0   0   0   0   0   0   0   0   0   0   0   0   0   0   0   0   0
03-NOV-2016     0    0   0   0   0   0   0   0   0   0   0   0   0   0   0   0   0   0   0   0   0   0   0   0   0
02-NOV-2016     7    0   0   0   0   0   1   0   0   0   0   0   0   0   0   1   0   0   0   0   0   0   0   5   0
01-NOV-2016     0    0   0   0   0   0   0   0   0   0   0   0   0   0   0   0   0   0   0   0   0   0   0   0   0
31-OCT-2016    36    6   7   4   4   0   5   5   2   0   0   0   3   0   0   0   0   0   0   0   0   0   0   0   0
30-OCT-2016    13    0   0   0   0   0   0   0   0   0   2   0   2   0   1   2   1   0   1   0   0   2   1   0   1
29-OCT-2016    10    0   0   0   0   7   2   0   0   0   1   0   0   0   0   0   0   0   0   0   0   0   0   0   0
28-OCT-2016     2    0   0   1   1   0   0   0   0   0   0   0   0   0   0   0   0   0   0   0   0   0   0   0   0
27-OCT-2016    21    6   2   5   1   0   0   0   0   0   0   0   0   0   0   0   0   0   0   0   3   4   0   0   0
26-OCT-2016    75    2   4  13   6   3   8   6   3   0   0   0   0   0   3   2  16   1   1   0   1   3   1   2   0
25-OCT-2016     1    0   0   0   0   1   0   0   0   0   0   0   0   0   0   0   0   0   0   0   0   0   0   0   0
24-OCT-2016     9    0   0   0   0   0   0   0   0   0   0   0   0   0   0   5   2   1   1   0   0   0   0   0   0
23-OCT-2016     7    3   3   1   0   0   0   0   0   0   0   0   0   0   0   0   0   0   0   0   0   0   0   0   0
22-OCT-2016     5    0   1   0   0   0   0   0   0   0   0   0   0   0   0   0   0   0   0   0   0   0   0   4   0
21-OCT-2016    40    0   0   0   0   0   0   0   0   0   0   0   0   0   0   0   0   6   9  10   0  10   5   0   0
20-OCT-2016    40    7   0   0   0   0   0   0   0   0   0   6  17   5   4   0   0   1   0   0   0   0   0   0   0
19-OCT-2016    15    0   0   0   0   1   0   0   0   0   0   0   0   0   0   0   0   0   0   3   4   3   2   2   0
18-OCT-2016     0    0   0   0   0   0   0   0   0   0   0   0   0   0   0   0   0   0   0   0   0   0   0   0   0
17-OCT-2016    60    3   1   1   4  11   1   0   3   1   0   0   0   0   0   1   1   0   4  16   7   5   1   0   0
16-OCT-2016    29    0   0   0   3   3   1   1   0   0   0   1   0   6   3   2   1   2   3   1   0   0   0   2   0
15-OCT-2016    50    0   0   4   9   5   4   7   4   2   1   1   2   0   0   0   2   1   4   1   1   0   0   2   0
14-OCT-2016    81    0   0   0   1   0   4   0   1   1   0   0   0   0   0   0   0  10  56   8   0   0   0   0   0
13-OCT-2016   174    7   9   6   4   6   8   3   4  11  14   9   9   5   8  11  10  10   4   4   6  13  11   2   0
12-OCT-2016     0    0   0   0   0   0   0   0   0   0   0   0   0   0   0   0   0   0   0   0   0   0   0   0   0
11-OCT-2016     0    0   0   0   0   0   0   0   0   0   0   0   0   0   0   0   0   0   0   0   0   0   0   0   0
10-OCT-2016     1    0   0   0   0   0   0   0   0   0   0   0   0   0   0   0   1   0   0   0   0   0   0   0   0
09-OCT-2016   104    5   2   0   5   3   4   2   0   7   6   5   1   0   0   1   1  10   5  13  21   9   4   0   0
08-OCT-2016    14    0   0   0   0   0   0   0   0   0   0   0   0   0   0   0   0   0   0   0   0   5   8   1   0
07-OCT-2016    43   12  12   2   1   3   4   1   1   0   0   0   0   0   0   0   0   0   4   2   1   0   0   0   0
06-OCT-2016    12    0   0   0   0   0   1   0   0   0   0   0   0   0   0   0   0   2   3   2   0   2   1   1   0
05-OCT-2016    18    0   0   0   0  10   2   0   0   0   0   1   0   2   0   0   3   0   0   0   0   0   0   0   0
04-OCT-2016    23    0   2   1   1   0   0   0   0   0   0   1   1   0   0   2   0   9   1   3   1   0   0   1   0
03-OCT-2016     0    0   0   0   0   0   0   0   0   0   0   0   0   0   0   0   0   0   0   0   0   0   0   0   0
02-OCT-2016    31    2   1   1   3   3   3   4   7   6   1   0   0   0   0   0   0   0   0   0   0   0   0   0   0
01-OCT-2016    19    3   0   0   0   1   3   0   0   0   0   0   0   0   0   0   0   0   0   2   1   9   0   0   0
30-SEP-2016     0    0   0   0   0   0   0   0   0   0   0   0   0   0   0   0   0   0   0   0   0   0   0   0   0
29-SEP-2016     0    0   0   0   0   0   0   0   0   0   0   0   0   0   0   0   0   0   0   0   0   0   0   0   0
28-SEP-2016     0    0   0   0   0   0   0   0   0   0   0   0   0   0   0   0   0   0   0   0   0   0   0   0   0
27-SEP-2016     0    0   0   0   0   0   0   0   0   0   0   0   0   0   0   0   0   0   0   0   0   0   0   0   0
26-SEP-2016     0    0   0   0   0   0   0   0   0   0   0   0   0   0   0   0   0   0   0   0   0   0   0   0   0
25-SEP-2016     0    0   0   0   0   0   0   0   0   0   0   0   0   0   0   0   0   0   0   0   0   0   0   0   0
24-SEP-2016     1    0   0   0   0   0   0   0   0   0   0   0   1   0   0   0   0   0   0   0   0   0   0   0   0
23-SEP-2016     0    0   0   0   0   0   0   0   0   0   0   0   0   0   0   0   0   0   0   0   0   0   0   0   0
22-SEP-2016     0    0   0   0   0   0   0   0   0   0   0   0   0   0   0   0   0   0   0   0   0   0   0   0   0
21-SEP-2016     0    0   0   0   0   0   0   0   0   0   0   0   0   0   0   0   0   0   0   0   0   0   0   0   0
20-SEP-2016     1    0   0   0   0   0   0   0   0   0   0   0   0   1   0   0   0   0   0   0   0   0   0   0   0
19-SEP-2016     0    0   0   0   0   0   0   0   0   0   0   0   0   0   0   0   0   0   0   0   0   0   0   0   0
18-SEP-2016     0    0   0   0   0   0   0   0   0   0   0   0   0   0   0   0   0   0   0   0   0   0   0   0   0
17-SEP-2016    65    0   0   0   0   0   0   2   8  11   7   3   8   0   6   1  12   3   1   1   1   1   0   0   0
16-SEP-2016     0    0   0   0   0   0   0   0   0   0   0   0   0   0   0   0   0   0   0   0   0   0   0   0   0
15-SEP-2016     0    0   0   0   0   0   0   0   0   0   0   0   0   0   0   0   0   0   0   0   0   0   0   0   0
14-SEP-2016     0    0   0   0   0   0   0   0   0   0   0   0   0   0   0   0   0   0   0   0   0   0   0   0   0
13-SEP-2016     0    0   0   0   0   0   0   0   0   0   0   0   0   0   0   0   0   0   0   0   0   0   0   0   0
12-SEP-2016     0    0   0   0   0   0   0   0   0   0   0   0   0   0   0   0   0   0   0   0   0   0   0   0   0
11-SEP-2016     0    0   0   0   0   0   0   0   0   0   0   0   0   0   0   0   0   0   0   0   0   0   0   0   0
10-SEP-2016     0    0   0   0   0   0   0   0   0   0   0   0   0   0   0   0   0   0   0   0   0   0   0   0   0
09-SEP-2016     0    0   0   0   0   0   0   0   0   0   0   0   0   0   0   0   0   0   0   0   0   0   0   0   0
08-SEP-2016     0    0   0   0   0   0   0   0   0   0   0   0   0   0   0   0   0   0   0   0   0   0   0   0   0
07-SEP-2016     5    0   0   0   0   0   0   1   2   1   0   0   0   1   0   0   0   0   0   0   0   0   0   0   0
06-SEP-2016    17    0   0   0   2  11   3   1   0   0   0   0   0   0   0   0   0   0   0   0   0   0   0   0   0
05-SEP-2016     0    0   0   0   0   0   0   0   0   0   0   0   0   0   0   0   0   0   0   0   0   0   0   0   0
04-SEP-2016     0    0   0   0   0   0   0   0   0   0   0   0   0   0   0   0   0   0   0   0   0   0   0   0   0
03-SEP-2016     2    0   0   0   0   0   0   0   0   0   1   1   0   0   0   0   0   0   0   0   0   0   0   0   0
02-SEP-2016    18    0   0   0   0   0   0   0   0   0   0   0   0   0  18   0   0   0   0   0   0   0   0   0   0
01-SEP-2016     6    0   0   0   0   0   0   0   0   0   0   0   0   0   0   0   0   0   0   6   0   0   0   0   0
31-AUG-2016     0    0   0   0   0   0   0   0   0   0   0   0   0   0   0   0   0   0   0   0   0   0   0   0   0
30-AUG-2016     0    0   0   0   0   0   0   0   0   0   0   0   0   0   0   0   0   0   0   0   0   0   0   0   0
29-AUG-2016     0    0   0   0   0   0   0   0   0   0   0   0   0   0   0   0   0   0   0   0   0   0   0   0   0
28-AUG-2016     0    0   0   0   0   0   0   0   0   0   0   0   0   0   0   0   0   0   0   0   0   0   0   0   0
27-AUG-2016     0    0   0   0   0   0   0   0   0   0   0   0   0   0   0   0   0   0   0   0   0   0   0   0   0
26-AUG-2016     0    0   0   0   0   0   0   0   0   0   0   0   0   0   0   0   0   0   0   0   0   0   0   0   0
25-AUG-2016     0    0   0   0   0   0   0   0   0   0   0   0   0   0   0   0   0   0   0   0   0   0   0   0   0
24-AUG-2016     0    0   0   0   0   0   0   0   0   0   0   0   0   0   0   0   0   0   0   0   0   0   0   0   0
23-AUG-2016     0    0   0   0   0   0   0   0   0   0   0   0   0   0   0   0   0   0   0   0   0   0   0   0   0
22-AUG-2016     0    0   0   0   0   0   0   0   0   0   0   0   0   0   0   0   0   0   0   0   0   0   0   0   0
21-AUG-2016     0    0   0   0   0   0   0   0   0   0   0   0   0   0   0   0   0   0   0   0   0   0   0   0   0
20-AUG-2016     0    0   0   0   0   0   0   0   0   0   0   0   0   0   0   0   0   0   0   0   0   0   0   0   0
19-AUG-2016     0    0   0   0   0   0   0   0   0   0   0   0   0   0   0   0   0   0   0   0   0   0   0   0   0
18-AUG-2016     0    0   0   0   0   0   0   0   0   0   0   0   0   0   0   0   0   0   0   0   0   0   0   0   0
17-AUG-2016     0    0   0   0   0   0   0   0   0   0   0   0   0   0   0   0   0   0   0   0   0   0   0   0   0
16-AUG-2016     0    0   0   0   0   0   0   0   0   0   0   0   0   0   0   0   0   0   0   0   0   0   0   0   0
15-AUG-2016     0    0   0   0   0   0   0   0   0   0   0   0   0   0   0   0   0   0   0   0   0   0   0   0   0
14-AUG-2016     0    0   0   0   0   0   0   0   0   0   0   0   0   0   0   0   0   0   0   0   0   0   0   0   0
13-AUG-2016     0    0   0   0   0   0   0   0   0   0   0   0   0   0   0   0   0   0   0   0   0   0   0   0   0
12-AUG-2016     0    0   0   0   0   0   0   0   0   0   0   0   0   0   0   0   0   0   0   0   0   0   0   0   0
11-AUG-2016     0    0   0   0   0   0   0   0   0   0   0   0   0   0   0   0   0   0   0   0   0   0   0   0   0
10-AUG-2016     0    0   0   0   0   0   0   0   0   0   0   0   0   0   0   0   0   0   0   0   0   0   0   0   0
09-AUG-2016     2    0   0   0   0   0   0   0   0   2   0   0   0   0   0   0   0   0   0   0   0   0   0   0   0
08-AUG-2016    17    0   0   0   0   0   0   0   0   0   0   0   0  15   0   0   0   0   0   0   0   0   2   0   0
07-AUG-2016     0    0   0   0   0   0   0   0   0   0   0   0   0   0   0   0   0   0   0   0   0   0   0   0   0
06-AUG-2016     0    0   0   0   0   0   0   0   0   0   0   0   0   0   0   0   0   0   0   0   0   0   0   0   0
05-AUG-2016     0    0   0   0   0   0   0   0   0   0   0   0   0   0   0   0   0   0   0   0   0   0   0   0   0
04-AUG-2016     0    0   0   0   0   0   0   0   0   0   0   0   0   0   0   0   0   0   0   0   0   0   0   0   0
03-AUG-2016     0    0   0   0   0   0   0   0   0   0   0   0   0   0   0   0   0   0   0   0   0   0   0   0   0
02-AUG-2016     0    0   0   0   0   0   0   0   0   0   0   0   0   0   0   0   0   0   0   0   0   0   0   0   0
01-AUG-2016     0    0   0   0   0   0   0   0   0   0   0   0   0   0   0   0   0   0   0   0   0   0   0   0   0
31-JUL-2016     0    0   0   0   0   0   0   0   0   0   0   0   0   0   0   0   0   0   0   0   0   0   0   0   0
30-JUL-2016     0    0   0   0   0   0   0   0   0   0   0   0   0   0   0   0   0   0   0   0   0   0   0   0   0
29-JUL-2016     0    0   0   0   0   0   0   0   0   0   0   0   0   0   0   0   0   0   0   0   0   0   0   0   0
28-JUL-2016     0    0   0   0   0   0   0   0   0   0   0   0   0   0   0   0   0   0   0   0   0   0   0   0   0
27-JUL-2016     0    0   0   0   0   0   0   0   0   0   0   0   0   0   0   0   0   0   0   0   0   0   0   0   0
26-JUL-2016     0    0   0   0   0   0   0   0   0   0   0   0   0   0   0   0   0   0   0   0   0   0   0   0   0
25-JUL-2016     0    0   0   0   0   0   0   0   0   0   0   0   0   0   0   0   0   0   0   0   0   0   0   0   0
24-JUL-2016     0    0   0   0   0   0   0   0   0   0   0   0   0   0   0   0   0   0   0   0   0   0   0   0   0
23-JUL-2016     0    0   0   0   0   0   0   0   0   0   0   0   0   0   0   0   0   0   0   0   0   0   0   0   0
22-JUL-2016    26    0   0   6   5   3   4   7   0   0   0   0   0   0   0   1   0   0   0   0   0   0   0   0   0
21-JUL-2016     0    0   0   0   0   0   0   0   0   0   0   0   0   0   0   0   0   0   0   0   0   0   0   0   0
20-JUL-2016     0    0   0   0   0   0   0   0   0   0   0   0   0   0   0   0   0   0   0   0   0   0   0   0   0
19-JUL-2016     0    0   0   0   0   0   0   0   0   0   0   0   0   0   0   0   0   0   0   0   0   0   0   0   0